		total_cases	new_cases	new_cases_smoothed	total_deaths	new_deaths	new_deaths_smoothed	total_cases_per_million	new_cases_per_million	new_cases_smoothed_per_million	total_deaths_per_million	new_deaths_per_million	new_deaths_smoothed_per_million	reproduction_rate	icu_patients	icu_patients_per_million	hosp_patients	hosp_patients_per_million	weekly_icu_admissions	weekly_icu_admissions_per_million	weekly_hosp_admissions	weekly_hosp_admissions_per_million	new_tests	total_tests	total_tests_per_thousand	new_tests_per_thousand	new_tests_smoothed	new_tests_smoothed_per_thousand	positive_rate	tests_per_case	total_vaccinations	people_vaccinated	people_fully_vaccinated	new_vaccinations	new_vaccinations_smoothed	total_vaccinations_per_hundred	people_vaccinated_per_hundred	people_fully_vaccinated_per_hundred	new_vaccinations_smoothed_per_million	stringency_index	population	population_density	median_age	aged_65_older	aged_70_older	gdp_per_capita	extreme_poverty	cardiovasc_death_rate	diabetes_prevalence	female_smokers	male_smokers	handwashing_facilities	hospital_beds_per_thousand	life_expectancy	human_development_index	
total_cases	0.006	0.006	0.020	0.000	0.000	0.012	0.000	0.000	0.000	0.000	0.000	-0.000	0.000	0.000	0.001	0.000	0.000	0.000	0.000	0.000	0.017	3.002	0.000	0.000	0.019	0.000	0.000	-0.000	0.315	0.191	0.040	0.015	0.017	0.000	0.000	0.000	0.000	-0.000	-100.729	-0.000	-0.000	-0.000	-0.000	-0.002	0.000	0.000	0.000	-0.000	-0.000	0.000	-0.000	0.000	-0.000	
new_cases	126.366	0.964	2.672	0.015	0.014	1.495	0.014	0.013	0.026	0.000	0.000	0.000	0.015	0.000	0.104	0.004	0.000	0.000	0.003	0.000	2.874	417.618	0.014	0.000	3.048	0.000	0.000	-0.000	20.472	12.858	2.065	1.208	1.271	0.000	0.000	0.000	0.016	0.000	-18249.558	-0.006	-0.000	-0.000	-0.000	-0.369	0.000	0.004	0.000	-0.000	-0.000	0.000	-0.000	0.000	0.000	
new_cases_smoothed	133.465	0.993	2.813	0.015	0.015	1.582	0.014	0.014	0.028	0.000	0.000	0.000	0.016	0.000	0.107	0.004	0.000	0.000	0.007	0.000	2.858	437.397	0.015	0.000	3.159	0.000	0.000	0.000	23.540	14.757	2.467	1.292	1.436	0.000	0.000	0.000	0.018	0.000	-18717.680	-0.006	-0.000	-0.000	-0.000	-0.379	0.000	0.004	0.000	-0.000	-0.000	0.000	-0.000	0.000	0.000	
total_deaths	47.253	0.298	0.304	0.005	0.005	0.564	0.004	0.004	0.010	0.000	0.000	0.000	0.005	0.000	0.031	0.001	0.000	0.000	0.002	0.000	0.880	143.546	0.005	0.000	0.982	0.000	0.000	0.000	14.294	8.660	1.814	0.689	0.749	0.000	0.000	0.000	0.009	0.000	-6210.534	-0.002	-0.000	-0.000	-0.000	-0.127	0.000	0.001	0.000	-0.000	-0.000	0.000	-0.000	0.000	0.000	
new_deaths	6468.253	46.043	43.951	134.662	0.854	78.414	0.638	0.601	1.373	0.011	0.010	0.000	0.930	0.022	5.834	0.210	-0.005	0.000	-0.077	-0.000	132.301	19900.908	0.685	0.005	134.189	0.005	0.000	0.034	1907.656	1163.378	225.349	103.185	103.781	0.002	0.002	0.000	1.269	0.069	-1190655.658	-0.382	-0.010	-0.007	-0.006	-23.075	0.021	0.240	0.003	-0.005	-0.009	0.020	-0.002	0.011	0.000	
new_deaths_smoothed	7587.133	49.173	50.601	158.534	0.992	92.019	0.672	0.689	1.618	0.012	0.012	0.000	1.055	0.025	6.594	0.238	0.021	0.002	0.356	0.018	139.632	23125.301	0.797	0.005	155.475	0.006	0.000	0.060	2232.665	1367.985	267.932	111.727	122.158	0.003	0.002	0.000	1.487	0.078	-1375880.877	-0.445	-0.011	-0.009	-0.006	-26.823	0.024	0.278	0.003	-0.006	-0.010	0.023	-0.002	0.012	0.000	
total_cases_per_million	82.773	0.497	0.511	1.684	0.009	0.009	0.007	0.007	0.017	0.000	0.000	-0.000	0.008	0.000	0.056	0.002	0.000	0.000	0.003	0.000	1.390	245.952	0.008	0.000	1.557	0.000	0.000	-0.000	26.994	16.372	3.407	1.307	1.421	0.000	0.000	0.000	0.017	-0.000	-8081.140	-0.003	-0.000	-0.000	-0.000	-0.170	0.000	0.002	0.000	-0.000	-0.000	0.000	-0.000	0.000	-0.000	
new_cases_per_million	8994.683	69.612	67.007	186.218	1.095	0.993	106.937	0.944	1.832	0.014	0.013	0.001	1.109	0.029	7.451	0.296	0.010	0.001	0.181	0.013	195.636	29207.828	0.991	0.007	206.456	0.007	0.000	-0.035	1702.785	1049.271	191.064	94.095	98.343	0.002	0.001	0.000	1.209	0.015	-1186275.956	-0.384	-0.010	-0.008	-0.006	-23.769	0.021	0.253	0.004	-0.005	-0.009	0.021	-0.002	0.011	0.000	
new_cases_smoothed_per_million	9639.571	70.602	71.063	198.992	1.088	1.074	114.896	0.996	1.967	0.014	0.014	0.001	1.177	0.031	7.888	0.315	0.030	0.003	0.515	0.027	196.526	31019.126	1.053	0.007	217.545	0.008	0.000	-0.033	1876.957	1160.674	212.463	98.468	108.785	0.002	0.002	0.000	1.331	0.015	-1236189.303	-0.404	-0.011	-0.008	-0.006	-25.053	0.022	0.265	0.004	-0.006	-0.009	0.022	-0.002	0.011	0.000	
total_deaths_per_million	4747.020	28.684	29.470	98.660	0.510	0.516	57.145	0.396	0.403	0.006	0.006	-0.000	0.474	0.012	3.149	0.121	0.011	0.001	0.164	0.009	82.757	14148.982	0.487	0.003	92.559	0.003	0.000	0.019	1551.559	939.885	196.965	74.797	81.169	0.002	0.001	0.000	0.972	-0.001	-563719.392	-0.187	-0.005	-0.004	-0.003	-11.592	0.010	0.122	0.002	-0.003	-0.004	0.010	-0.001	0.005	0.000	
new_deaths_per_million	550568.857	3863.702	3801.759	10962.784	76.129	67.661	6691.368	55.548	53.736	112.930	0.881	0.020	78.721	2.013	504.194	19.247	0.279	0.052	5.411	0.486	10443.377	1716270.038	58.877	0.422	11043.666	0.417	0.000	-3.518	140289.904	85872.323	16246.801	7471.795	7828.266	0.172	0.116	0.025	95.587	2.652	-73317847.929	-23.241	-0.622	-0.455	-0.342	-1428.736	1.255	15.477	0.223	-0.320	-0.524	1.277	-0.105	0.693	0.001	
new_deaths_smoothed_per_million	628309.266	4153.396	4249.193	12512.831	77.842	77.477	7650.851	58.811	59.978	129.387	1.009	0.011	87.781	2.230	558.916	21.356	1.925	0.167	32.976	1.654	11005.361	1927642.307	66.065	0.442	12278.044	0.468	0.000	-3.742	163397.428	100257.002	19354.277	8270.343	9123.238	0.200	0.134	0.029	110.759	2.809	-80806172.521	-26.104	-0.703	-0.512	-0.384	-1604.407	1.407	17.213	0.247	-0.364	-0.593	1.411	-0.119	0.752	0.001	
reproduction_rate	-168045.692	6660.170	5718.082	2915.980	53.026	33.131	-3232.915	74.006	64.052	-24.515	0.459	0.226	77.120	1.817	544.099	17.381	1.845	0.003	46.153	1.814	23115.168	874753.257	23.770	0.183	23401.800	0.188	0.000	-5.780	-858931.125	-506360.643	-124976.428	-35499.635	-38113.003	-1.011	-0.639	-0.189	-435.076	55.126	-478976279.176	-103.550	-3.386	-2.874	-2.192	-8784.600	8.150	87.752	0.847	-2.103	-3.070	8.890	-0.532	4.914	0.008	
icu_patients	5081.363	37.522	37.854	101.012	0.765	0.747	62.151	0.532	0.535	1.052	0.010	0.009	0.000	0.025	6.089	0.221	0.018	0.001	0.316	0.015	101.495	16966.825	0.582	0.004	111.328	0.004	0.000	0.000	928.785	603.331	75.377	56.991	63.974	0.001	0.001	0.000	0.834	0.091	-974543.075	-0.307	-0.008	-0.006	-0.004	-18.650	0.017	0.197	0.003	-0.004	-0.007	0.017	-0.001	0.009	0.000	
icu_patients_per_million	196416.231	1479.486	1489.615	3797.581	28.358	27.495	2395.530	21.534	21.666	39.508	0.374	0.362	0.015	38.095	234.991	8.888	0.810	0.063	14.226	0.655	3884.311	660159.120	22.429	0.153	4268.466	0.161	0.000	-1.818	32632.889	21503.684	2505.557	2010.981	2309.270	0.042	0.030	0.004	30.067	2.790	-31456400.260	-10.005	-0.264	-0.194	-0.146	-607.630	0.533	6.491	0.092	-0.137	-0.231	0.550	-0.045	0.298	0.000	
hosp_patients	885.706	6.631	6.671	17.736	0.126	0.122	10.796	0.093	0.094	0.183	0.002	0.002	0.000	0.159	0.004	0.037	0.003	0.000	0.051	0.002	18.117	2973.570	0.102	0.001	19.825	0.001	0.000	0.000	152.259	99.432	12.067	9.386	10.632	0.000	0.000	0.000	0.138	0.012	-153300.750	-0.049	-0.001	-0.001	-0.001	-2.973	0.003	0.031	0.000	-0.001	-0.001	0.003	-0.000	0.001	0.000	
hosp_patients_per_million	24096.779	180.449	181.605	472.579	3.119	3.042	292.400	2.568	2.585	4.855	0.042	0.041	0.002	4.001	0.105	25.659	0.085	0.007	1.486	0.074	483.422	80964.588	2.746	0.018	532.003	0.019	0.000	-0.185	3629.430	2401.884	268.538	226.362	263.411	0.005	0.003	0.000	3.413	0.186	-3061035.154	-0.997	-0.027	-0.020	-0.015	-61.313	0.053	0.659	0.010	-0.014	-0.023	0.055	-0.005	0.029	0.000	
weekly_icu_admissions	10919.085	36.412	82.692	210.791	-0.383	1.367	130.651	0.418	1.223	2.138	0.003	0.019	0.001	1.635	0.048	10.078	0.431	0.060	16.557	0.648	54.840	42699.164	1.315	0.001	250.025	0.009	0.000	-0.277	2034.334	1294.189	195.576	33.482	136.460	0.002	0.001	0.000	1.754	0.149	-2160238.252	-0.579	-0.014	-0.011	-0.009	-35.456	0.030	0.412	0.006	-0.007	-0.013	0.037	-0.002	0.023	0.000	
weekly_icu_admissions_per_million	265612.202	1037.587	1830.127	5212.346	1.113	30.245	3195.934	12.381	26.051	53.351	0.142	0.400	0.000	33.128	0.927	211.457	8.983	14.897	244.352	10.210	2258.428	970606.054	30.735	0.071	5659.007	0.216	0.000	-2.746	62639.987	39270.953	6639.763	1716.359	3910.670	0.071	0.045	0.010	49.297	1.133	-30620182.253	-9.455	-0.255	-0.186	-0.140	-584.999	0.503	6.497	0.098	-0.129	-0.219	0.541	-0.043	0.297	0.000	
weekly_hosp_admissions	604.977	2.345	5.070	11.714	-0.021	0.081	7.234	0.028	0.075	0.117	0.000	0.001	0.000	0.102	0.003	0.628	0.026	0.059	0.003	0.039	3.559	2410.120	0.074	0.000	14.792	0.001	0.000	-0.015	66.389	44.129	4.378	0.250	5.316	0.000	0.000	0.000	0.072	0.010	-126752.495	-0.035	-0.001	-0.001	-0.001	-2.131	0.002	0.024	0.000	-0.000	-0.001	0.002	-0.000	0.001	0.000	
weekly_hosp_admissions_per_million	20720.730	95.980	166.847	409.105	-0.074	2.424	246.350	1.189	2.433	4.039	0.012	0.034	0.002	2.839	0.084	18.400	0.799	1.390	0.088	23.868	203.824	79057.471	2.474	0.004	500.274	0.017	0.000	-0.336	2577.536	1656.855	225.943	47.681	182.373	0.003	0.002	0.000	2.372	0.108	-2828595.221	-0.850	-0.023	-0.017	-0.013	-52.637	0.046	0.589	0.009	-0.011	-0.020	0.050	-0.004	0.028	0.000	
new_tests	38.950	0.312	0.301	0.857	0.005	0.004	0.454	0.004	0.004	0.008	0.000	0.000	0.000	0.005	0.000	0.031	0.001	0.000	0.000	0.000	0.000	136.211	0.005	0.000	1.046	0.000	0.000	0.000	6.158	3.920	0.560	0.373	0.395	0.000	0.000	0.000	0.005	0.000	-6781.575	-0.002	-0.000	-0.000	-0.000	-0.135	0.000	0.001	0.000	-0.000	-0.000	0.000	-0.000	0.000	0.000	
total_tests	0.301	0.002	0.002	0.006	0.000	0.000	0.004	0.000	0.000	0.000	0.000	0.000	0.000	0.000	0.000	0.000	0.000	0.000	0.000	0.000	0.000	0.006	0.000	0.000	0.007	0.000	0.000	0.000	0.076	0.047	0.008	0.004	0.004	0.000	0.000	0.000	0.000	0.000	-33.766	-0.000	-0.000	-0.000	-0.000	-0.001	0.000	0.000	0.000	-0.000	-0.000	0.000	-0.000	0.000	0.000	
total_tests_per_thousand	8828.187	58.509	59.625	182.992	0.954	0.955	105.310	0.803	0.810	1.828	0.012	0.012	0.000	0.983	0.025	6.571	0.257	0.024	0.002	0.388	0.021	175.652	29129.099	0.007	196.618	0.007	0.000	0.036	2340.941	1444.783	264.928	120.597	133.250	0.003	0.002	0.000	1.654	0.006	-1001799.844	-0.334	-0.009	-0.007	-0.005	-20.758	0.019	0.218	0.003	-0.005	-0.008	0.018	-0.002	0.009	0.000	
new_tests_per_thousand	1170290.803	8120.677	7965.241	24363.202	141.872	129.015	13959.646	112.571	108.260	243.183	1.720	1.574	0.032	133.903	3.357	893.071	34.352	0.309	0.106	2.836	0.772	25228.554	3853839.091	132.620	26398.189	0.962	0.000	7.330	323201.095	199621.917	36513.838	16864.434	18212.111	0.405	0.273	0.058	224.327	2.018	-142916551.302	-47.172	-1.283	-0.934	-0.697	-2926.734	2.629	30.737	0.419	-0.687	-1.071	2.500	-0.215	1.274	0.000	
new_tests_smoothed	37.572	0.285	0.287	0.825	0.004	0.004	0.438	0.004	0.004	0.008	0.000	0.000	0.000	0.004	0.000	0.029	0.001	0.000	0.000	0.002	0.000	0.902	131.068	0.004	0.000	0.000	0.000	0.000	6.298	3.978	0.613	0.351	0.396	0.000	0.000	0.000	0.005	0.000	-6389.567	-0.002	-0.000	-0.000	-0.000	-0.128	0.000	0.001	0.000	-0.000	-0.000	0.000	-0.000	0.000	0.000	
new_tests_smoothed_per_thousand	1207554.205	8075.855	8245.933	25187.056	132.581	132.586	14379.046	110.765	111.961	250.562	1.649	1.617	0.032	135.664	3.422	904.899	35.165	3.336	0.311	53.195	2.916	24637.974	4003455.807	137.424	0.934	27556.098	0.000	8.133	326758.801	201191.064	37112.180	16736.160	18497.591	0.411	0.276	0.059	228.990	1.873	-146724936.397	-48.585	-1.324	-0.963	-0.719	-3016.442	2.712	31.620	0.430	-0.711	-1.104	2.570	-0.221	1.302	0.000	
positive_rate	0.000	0.000	0.000	0.000	0.000	0.000	0.000	0.000	0.000	0.000	0.000	0.000	0.000	0.000	0.000	0.000	0.000	0.000	0.000	0.000	0.000	0.000	0.000	0.000	0.000	0.000	0.000	0.000	0.000	0.000	0.000	0.000	0.000	0.000	0.000	0.000	0.000	0.000	0.000	0.000	0.000	0.000	0.000	0.000	0.000	0.000	0.000	0.000	0.000	0.000	0.000	0.000	0.000	
tests_per_case	-77.783	-0.884	0.063	18.866	0.082	0.126	-1.546	-0.050	-0.045	0.126	-0.001	-0.001	-0.000	0.001	-0.004	0.012	-0.030	-0.009	-0.000	-0.138	-0.005	29.265	1287.985	0.063	0.001	33.062	0.001	0.000	554.037	313.057	83.008	18.822	20.707	0.001	0.000	0.000	0.244	0.102	-1037528.866	-0.409	-0.008	-0.005	-0.004	-17.204	0.017	0.169	0.001	-0.003	-0.006	0.013	-0.002	0.005	-0.000	
total_vaccinations	1.264	0.004	0.004	0.025	0.000	0.000	0.016	0.000	0.000	0.000	0.000	0.000	-0.000	0.000	0.000	0.000	0.000	0.000	0.000	0.000	0.000	0.011	3.037	0.000	0.000	0.013	0.000	0.000	0.000	0.586	0.144	0.044	0.045	0.000	0.000	0.000	0.001	-0.000	-64.369	-0.000	-0.000	-0.000	-0.000	-0.001	0.000	0.000	0.000	-0.000	-0.000	0.000	-0.000	0.000	-0.000	
people_vaccinated	2.211	0.007	0.008	0.043	0.000	0.000	0.028	0.000	0.000	0.000	0.000	0.000	-0.000	0.000	0.000	0.001	0.000	0.000	0.000	0.000	0.000	0.020	5.421	0.000	0.000	0.024	0.000	0.000	0.000	1.690	0.240	0.074	0.078	0.000	0.000	0.000	0.001	-0.000	-113.213	-0.000	-0.000	-0.000	-0.000	-0.003	0.000	0.000	0.000	-0.000	-0.000	0.000	-0.000	0.000	-0.000	
people_fully_vaccinated	7.272	0.018	0.021	0.144	0.001	0.001	0.091	0.000	0.000	0.002	0.000	0.000	-0.000	0.000	0.000	0.002	0.000	0.000	0.000	0.000	0.000	0.046	15.387	0.001	0.000	0.058	0.000	0.000	0.000	6.559	3.808	0.268	0.280	0.000	0.000	0.000	0.003	-0.000	-359.289	-0.000	-0.000	-0.000	-0.000	-0.008	0.000	0.000	0.000	-0.000	-0.000	0.000	-0.000	0.000	-0.000	
new_vaccinations	28.319	0.108	0.112	0.554	0.003	0.003	0.352	0.002	0.002	0.006	0.000	0.000	-0.000	0.002	0.000	0.013	0.000	0.000	0.000	0.000	0.000	0.308	73.097	0.003	0.000	0.336	0.000	0.000	0.000	20.147	11.809	2.704	0.948	0.000	0.000	0.000	0.011	-0.000	-1478.586	-0.001	-0.000	-0.000	-0.000	-0.033	0.000	0.000	0.000	-0.000	-0.000	0.000	-0.000	0.000	-0.000	
new_vaccinations_smoothed	30.547	0.113	0.124	0.597	0.003	0.003	0.380	0.002	0.002	0.007	0.000	0.000	-0.000	0.002	0.000	0.015	0.001	0.000	0.000	0.001	0.000	0.324	80.332	0.003	0.000	0.376	0.000	0.000	0.000	20.711	12.362	2.805	0.941	0.000	0.000	0.000	0.012	-0.000	-1609.055	-0.001	-0.000	-0.000	-0.000	-0.036	0.000	0.000	0.000	-0.000	-0.000	0.000	-0.000	0.000	-0.000	
total_vaccinations_per_hundred	1085211.640	3541.366	3927.788	21337.873	108.339	108.703	13521.150	56.928	59.144	234.036	1.176	1.190	-0.300	68.611	1.557	428.318	14.665	1.377	0.177	12.467	0.826	10096.577	2701894.819	97.926	0.678	11886.690	0.708	0.000	13.446	834678.217	492068.282	118165.806	36903.061	38314.448	0.636	0.179	446.221	-9.973	-55519631.333	-19.825	-0.586	-0.398	-0.295	-1259.029	1.032	14.100	0.244	-0.301	-0.497	0.946	-0.102	0.496	-0.000	
people_vaccinated_per_hundred	1752334.153	5991.456	6585.850	34389.886	177.967	177.192	21819.182	94.570	97.812	377.117	1.942	1.951	-0.466	119.706	2.748	750.128	26.004	2.116	0.277	19.500	1.305	17336.093	4481219.065	161.873	1.119	20158.253	1.166	0.000	20.710	1295730.908	767537.343	180479.725	58013.415	60532.279	1.560	0.274	710.358	-14.484	-90397610.166	-32.257	-0.954	-0.648	-0.480	-2047.359	1.678	22.915	0.396	-0.489	-0.803	1.546	-0.166	0.809	-0.000	
people_fully_vaccinated_per_hundred	4887256.767	12480.633	14389.628	96964.391	458.085	465.103	61060.559	225.675	235.826	1064.111	4.891	5.027	-1.623	202.390	4.292	1227.606	38.604	5.296	0.719	34.969	2.879	33682.364	10905983.192	403.768	2.796	42374.210	2.929	0.000	84.713	4398143.232	2552859.262	663558.404	181851.451	188770.309	5.173	3.233	2121.623	-64.330	-241666402.266	-86.583	-2.563	-1.740	-1.291	-5514.178	4.506	61.939	1.073	-1.332	-2.231	4.034	-0.452	2.152	-0.001	
new_vaccinations_smoothed_per_million	2580.622	9.961	10.855	50.339	0.267	0.269	32.070	0.148	0.155	0.552	0.003	0.003	-0.001	0.213	0.005	1.351	0.048	0.005	0.001	0.057	0.003	29.118	7030.431	0.250	0.002	33.509	0.002	0.000	0.021	1669.651	1005.450	218.919	77.894	82.836	0.002	0.001	0.000	-0.014	-136471.227	-0.049	-0.001	-0.001	-0.001	-3.079	0.003	0.034	0.001	-0.001	-0.001	0.002	-0.000	0.001	-0.000	
stringency_index	-2287.797	20.229	18.244	7.899	1.184	1.151	-27.391	0.153	0.142	-0.055	0.007	0.006	0.006	1.904	0.038	9.889	0.214	0.034	0.001	0.616	0.011	111.403	1788.959	0.077	0.001	114.933	0.001	0.000	0.712	-3319.377	-1843.610	-576.003	-122.070	-118.893	-0.004	-0.002	-0.001	-1.174	-7452445.880	-2.064	-0.046	-0.038	-0.029	-119.250	0.113	1.271	0.012	-0.023	-0.043	0.116	-0.008	0.073	0.000	
population	-0.001	-0.000	-0.000	-0.000	-0.000	-0.000	-0.000	-0.000	-0.000	-0.000	-0.000	-0.000	-0.000	-0.000	-0.000	-0.000	-0.000	-0.000	-0.000	-0.000	-0.000	-0.000	-0.003	-0.000	-0.000	-0.000	-0.000	-0.000	-0.000	-0.000	-0.000	-0.000	-0.000	-0.000	-0.000	-0.000	-0.000	-0.000	-0.000	0.000	0.000	0.000	0.000	0.000	-0.000	-0.000	-0.000	0.000	0.000	-0.000	0.000	-0.000	-0.000	
population_density	-2978.616	-25.443	-25.509	-78.009	-0.546	-0.548	-34.775	-0.319	-0.319	-0.720	-0.005	-0.005	-0.001	-0.533	-0.011	-3.233	-0.096	-0.011	-0.001	-0.187	-0.008	-85.679	-9884.392	-0.343	-0.002	-93.875	-0.003	0.000	-0.239	-503.547	-307.152	-61.661	-24.992	-27.401	-0.001	-0.000	-0.000	-0.330	-0.172	2138898.937	0.013	0.010	0.008	33.430	-0.031	-0.364	-0.004	0.005	0.012	-0.028	0.003	-0.019	-0.000	
median_age	-230435.924	-1900.476	-1905.123	-5858.171	-39.190	-39.314	-2704.205	-24.172	-24.260	-54.609	-0.365	-0.361	-0.087	-38.681	-0.835	-237.463	-7.287	-0.768	-0.055	-13.280	-0.567	-6304.580	-758438.982	-26.257	-0.185	-6924.869	-0.196	-0.000	-12.525	-41550.104	-25342.291	-5090.847	-2061.177	-2259.703	-0.050	-0.033	-0.008	-27.222	-10.595	113060977.112	35.243	0.753	0.565	2325.442	-2.052	-21.331	-0.214	0.585	0.880	-1.976	0.164	-0.849	0.001	
aged_65_older	-276991.615	-2337.436	-2335.734	-7211.035	-49.135	-49.178	-3239.903	-29.588	-29.588	-66.692	-0.449	-0.441	-0.123	-48.486	-1.032	-295.407	-8.825	-1.002	-0.067	-17.129	-0.699	-7897.452	-919474.291	-31.869	-0.226	-8661.798	-0.240	-0.000	-14.459	-47360.460	-28887.273	-5801.370	-2349.893	-2576.315	-0.058	-0.038	-0.009	-31.038	-14.757	153397150.926	45.394	1.264	0.753	3083.355	-2.757	-29.607	-0.305	0.760	1.131	-2.795	0.205	-1.379	-0.000	
aged_70_older	-360353.908	-3052.826	-3048.977	-9412.388	-64.567	-64.549	-4213.625	-38.682	-38.626	-86.973	-0.590	-0.577	-0.164	-63.770	-1.355	-387.838	-11.532	-1.350	-0.088	-22.965	-0.923	-10334.009	-1197096.865	-41.502	-0.295	-11329.956	-0.313	-0.000	-19.223	-61349.436	-37415.470	-7520.228	-3042.141	-3334.926	-0.075	-0.049	-0.011	-40.171	-19.935	219781009.821	61.529	1.658	1.316	4054.491	-3.678	-40.681	-0.429	0.932	1.474	-3.768	0.278	-2.003	-0.002	
gdp_per_capita	-88.129	-0.744	-0.744	-2.295	-0.016	-0.016	-1.031	-0.009	-0.009	-0.021	-0.000	-0.000	-0.000	-0.015	-0.000	-0.094	-0.003	-0.000	-0.000	-0.005	-0.000	-2.511	-292.355	-0.010	-0.000	-2.754	-0.000	-0.000	-0.005	-15.206	-9.272	-1.866	-0.753	-0.826	-0.000	-0.000	-0.000	-0.010	-0.005	47686.165	0.016	0.000	0.000	0.000	-0.001	-0.009	-0.000	0.000	0.000	-0.001	0.000	-0.000	0.000	
extreme_poverty	94164.984	814.685	812.612	2508.251	17.074	17.114	1095.247	10.164	10.139	22.955	0.151	0.148	0.043	16.567	0.346	100.790	2.947	0.331	0.022	5.708	0.232	2794.027	315814.293	10.948	0.078	3061.261	0.083	0.000	5.656	15027.447	9166.195	1840.427	745.740	817.617	0.018	0.012	0.003	9.850	5.389	-60540904.563	-17.837	-0.422	-0.338	-0.258	-1068.675	11.062	0.114	-0.230	-0.384	0.990	-0.075	0.574	0.001	
cardiovasc_death_rate	8127.698	67.432	67.439	207.720	1.418	1.414	95.414	0.869	0.865	1.936	0.013	0.013	0.003	1.410	0.030	8.619	0.261	0.032	0.002	0.543	0.022	224.773	26744.679	0.927	0.007	246.484	0.007	0.000	0.407	1480.040	902.103	182.082	73.161	80.161	0.002	0.001	0.000	0.965	0.438	-5942501.899	-1.501	-0.032	-0.026	-0.021	-81.290	0.080	0.011	-0.012	-0.028	0.085	-0.006	0.061	0.000	
diabetes_prevalence	784574.563	5984.925	6016.456	18204.830	119.597	118.459	9353.783	81.666	81.532	175.986	1.298	1.257	0.215	124.214	2.888	776.338	25.938	3.122	0.209	51.909	2.196	18419.209	2498751.371	86.203	0.599	20281.247	0.634	0.000	19.485	171622.308	104566.990	21161.767	8466.931	9273.889	0.208	0.138	0.032	111.577	28.428	-477585548.049	-107.723	-2.122	-1.803	-1.452	-5420.083	5.486	76.921	-0.521	-1.766	6.264	-0.448	5.107	0.030	
female_smokers	-213770.954	-1797.579	-1795.847	-5550.290	-36.746	-36.849	-2498.002	-22.402	-22.604	-51.296	-0.329	-0.328	-0.094	-35.513	-0.759	-218.095	-6.590	-0.639	-0.048	-11.186	-0.499	-6046.729	-710228.736	-24.601	-0.174	-6647.853	-0.185	0.000	-9.254	-37514.593	-22844.061	-4641.732	-1845.184	-2020.016	-0.045	-0.030	-0.007	-24.286	-9.574	32339768.560	23.958	1.027	0.795	0.558	2513.073	-1.965	-14.415	-0.092	0.991	-1.838	0.123	-0.120	0.012	
male_smokers	-224708.323	-1889.844	-1888.243	-5815.764	-40.210	-40.254	-2632.039	-24.065	-24.115	-53.950	-0.365	-0.360	-0.093	-40.046	-0.864	-242.343	-7.263	-0.847	-0.056	-14.420	-0.585	-6313.482	-741058.901	-25.700	-0.183	-6930.148	-0.194	-0.000	-11.764	-41887.684	-25454.606	-5247.210	-2037.830	-2226.775	-0.051	-0.033	-0.008	-26.703	-11.900	112732725.050	39.793	1.044	0.799	0.596	2509.534	-2.214	-22.203	-0.211	0.669	-2.101	0.169	-0.881	0.002	
handwashing_facilities	80873.597	703.445	699.870	2121.343	14.934	14.804	945.444	9.034	8.968	19.559	0.139	0.134	0.042	15.052	0.323	91.406	2.717	0.364	0.021	6.063	0.232	2368.423	270805.258	9.383	0.067	2592.960	0.071	0.000	3.852	12411.206	7593.668	1491.399	625.884	688.033	0.015	0.010	0.002	8.320	5.032	-57988519.904	-14.528	-0.367	-0.309	-0.239	-964.953	0.895	10.619	0.117	-0.195	-0.329	-0.063	0.619	0.002	
hospital_beds_per_thousand	-1144784.576	-9435.539	-9472.807	-29314.315	-200.621	-201.303	-13427.286	-119.085	-119.490	-273.086	-1.837	-1.809	-0.404	-195.976	-4.194	-1193.519	-36.035	-3.924	-0.272	-67.270	-2.788	-31443.388	-3753409.879	-130.130	-0.919	-34516.982	-0.975	-0.000	-77.834	-215197.320	-131044.056	-26623.919	-10585.603	-11588.770	-0.261	-0.173	-0.040	-139.332	-57.954	763038560.303	222.035	4.865	3.624	2.818	11283.312	-10.767	-122.584	-1.339	2.082	4.227	-10.084	-5.745	-0.018	
life_expectancy	68068.718	596.930	591.732	1811.943	13.371	13.184	796.793	7.798	7.646	16.707	0.126	0.120	0.039	13.760	0.293	82.194	2.370	0.373	0.020	6.074	0.213	2035.408	227332.469	7.896	0.057	2222.412	0.060	0.000	2.640	10900.220	6655.244	1326.964	543.713	596.628	0.013	0.009	0.002	7.197	5.263	-81608215.503	-16.154	-0.263	-0.255	-0.212	-788.712	0.867	12.787	0.160	-0.021	-0.231	1.033	-0.060	0.007	
human_development_index	-26204.154	2432.120	1971.120	3660.514	163.690	137.543	-217.115	61.778	42.402	28.857	2.008	1.425	0.830	221.112	4.792	1155.420	24.513	16.902	0.429	245.946	5.426	9812.766	13426.148	2.582	0.138	9426.014	0.081	0.000	-6.414	-80048.010	-48019.370	-10795.284	-3626.647	-3912.996	-0.096	-0.062	-0.016	-46.084	215.533	-6862787403.490	-848.099	5.716	-0.187	-3.342	602.166	23.745	772.870	12.367	27.165	7.517	42.158	-2.452	89.240	